0,273
0,270
151,35
67,93
67,248
67,96
67,293
67,83
67,123
67,177
67,109
68,12
68,22
68,24
66,5
147,3
147,2
147,1
147,0
146,5
146,4
146,3
146,2
146,1
146,0
143,5
143,4
143,3
143,2
143,1
143,0
141,3
141,2
141,1
19,2
141,0
140,3
140,2
140,1
140,0
139,5
139,4
139,3
139,2
139,1
139,0
70,3
70,1
69,3
69,1
68,30
68,29
68,28
68,25
68,23
68,21
68,20
68,17
68,16
68,15
68,13
68,11
68,10
68,8
68,5
68,4
68,3
68,2
68,1
67,309
67,307
67,305
67,287
67,286
67,264
67,249
67,240
67,233
67,222
67,213
67,204
67,198
67,192
67,183
67,138
67,115
67,105
67,101
67,90
67,80
67,78
67,76
67,35
67,3
67,2
67,1
66,15
66,14
66,13
66,12
66,11
66,10
66,9
66,8
66,7
66,4
66,3
66,2
66,1
65,3
18,2
65,2
18,1
65,1
18,3
64,7
64,5
